1
2
3
4
5
6
7
8
9
0
11
111
1111
11111
111111
1111111
11111111
22
222
2222
22222
222222
2222222
22222222
222222222
33
333
3333
33333
333333
3333333
33333333
44
444
4444
44444
444444
4444444
44444444
55
555
5555
55555
555555
5555555
55555555
555555555
66
666
6666
66666
666666
6666666
66666666
666666666
77
777
7777
77777
777777
7777777
77777777
777777777
7777777777
88
888
8888
88888
888888
8888888
88888888
888888888
8888888888
99
999
9999
99999
999999
9999999
99999999
999999999
9999999999
00
000
0000
00000
000000
0000000
00000000
000000000
0000000000
00000000000
1234567890
123456789
12345678
1234567
123456
12345
1234
123
12
234567890
34567890
4567890
567890
67890
7890
890
90
23456789
2345678
234567
23456
2345
234
23
3456789
345678
34567
3456
345
34
456789
45678
4567
456
45
56789
5678
567
56
6789
678
67
789
89


